0
0
0
0
0
0
0
0
0
0
0
0
1
0
0
0
0
0
1
0
0
0
0
0
0
0
0
0
0
2
0
0
0
1
0
0
2
1
2
3
3
4
3
1
7
1
9
4
7
8
5
11
11
11
8
9
17
18
22
20
23
19
26
23
27
21
33
38
31
38
29
33
27
32
19
42
36
30
40
41
27
41
33
32
33
28
33
56
49
41
46
38
33
29
48
46
31
38
42
41
39
47
41
39
36
34
36
26
31
33
37
34
54
35
44
41
49
38
42
42
44
56
46
46
39
39
40
52
38
37
39
42
32
24
24
41
34
28
39
37
36
32
36
39
36
45
49
31
54
37
38
62
35
49
47
66
53
44
52
46
29
36
34
30
32
37
36
34
32
38
28
31
27
29
32
24
28
23
29
32
28
49
30
28
43
37
50
50
63
69
58
48
61
45
49
49
49
46
45
35
39
39
42
42
24
44
34
40
41
48
30
49
59
31
49
41
38
41
46
43
47
40
47
44
60
50
58
61
67
84
74
59
75
74
74
65
69
67
68
61
56
54
39
51
56
44
37
46
41
39
38
41
40
33
44
31
40
38
30
32
37
37
39
29
33
30
25
30
37
31
35
38
31
49
41
38
28
34
26
52
38
50
52
40
43
46
40
52
63
62
39
47
39
36
35
38
36
43
42
26
33
33
38
33
40
38
34
28
45
29
38
40
37
28
37
48
36
37
37
34
32
28
32
42
33
32
38
33
38
36
36
33
39
31
48
47
45
48
61
40
49
53
57
51
56
58
56
46
34
48
46
54
44
40
43
46
42
35
49
36
26
44
53
43
44
48
46
47
31
49
41
42
57
51
38
58
62
46
38
50
45
52
52
54
49
57
44
45
46
39
56
56
54
43
64
49
56
50
72
55
65
67
51
57
51
56
60
51
74
78
56
62
68
53
77
70
60
61
84
67
61
48
85
64
61
60
57
66
63
72
65
69
65
72
75
68
72
70
74
73
71
79
60
79
77
69
84
70
91
89
89
95
87
86
82
88
84
65
88
72
72
75
95
103
81
113
95
93
97
102
103
108
127
112
131
105
112
123
129
126
121
137
127
135
128
162
142
150
145
167
122
147
177
155
160
163
161
153
172
176
170
178
190
168
151
179
185
163
168
152
177
170
181
214
185
181
189
237
185
229
221
246
220
224
217
215
227
237
259
244
247
249
253
275
273
254
314
302
293
311
327
324
325
311
309
325
317
343
363
345
364
343
388
397
419
409
393
396
475
438
464
413
476
476
511
500
531
519
565
568
590
594
631
595
620
654
657
656
715
718
748
780
841
814
842
859
890
874
972
1036
1073
1062
1208
1177
1228
1221
1355
1384
1495
1512
1472
1587
1670
1837
1883
1977
2033
2201
2342
2404
2661
2831
3045
3285
3468
3933
4270
4724
5154
5715
6353
7150
8139
8950
9857
10768
11961
13347
14663
16032
17361
18078
19356
19783
20844
20955
21299
21341
20939
20292
19701
18561
17558
16044
15100
13698
12263
10740
9267
8237
6902
5939
4796
3990
3296
2666
2171
1741
1569
1387
1321
1293
1314
1422
1575
1642
1894
2175
2388
2551
2864
3229
3493
3936
4253
4645
5074
5337
5599
5920
6229
6408
6627
6507
6648
6394
6297
6267
5771
5546
5189
4980
4468
3927
3688
3224
2752
2435
1967
1681
1300
1031
834
618
471
316
251
165
119
74
49
28
15
11
5
5
3
2
1
0
1
0
1
1
1
0
0
1
1
0
2
0
0
1
0
0
1
1
1
2
1
1
1
0
0
1
1
0
0
1
1
0
0
0
1
1
0
1
1
1
1
0
0
0
0
1
0
0
0
0
1
0
0
0
0
1
1
1
1
0
1
0
0
0
0
0
0
0
1
0
0
0
0
0
0
0
0
0
0
0
0
0
1
0
0
0
0
0
0
0
0
0
0
0
0
0
0
0
0
0
0
0
0
0
1
0
0
0
0
2
1
0
0
1
0
0
0
0
0
0
0
0
0
0
0
2
0
1
1
0
0
0
0
0
0
0
1
0
0
0
0
0
0
0
0
0
0
0
0
3
0
1
0
0
0
0
0
0
0
1
0
0
0
0
1
0
0
0
0
0
0
0
0
0
0
0
2
0
0
0
0
0
0
0
0
0
0
0
0
0
0
1
1
0
2
0
0
0
0
0
1
0
0
0
0
0
1
0
0
0
0
0
0
0
0
1
0
0
0
0
0
0
0
0
0
0
0
1
0
0
0
0
1
0
0
0
2
1
1
1
1
0
1
0
0
1
0
2
0
0
0
0
0
1
1
0
0
1
1
1
3
1
0
0
0
0
0
0
0
0
1
0
0
0
0
0
1
0
0
0
0
0
0
0
1
0
1
0
0
0
0
0
2
0
1
0
1
2
0
0
0
1
0
0
