0
0
0
0
0
0
0
0
0
0
0
0
0
0
0
0
1
0
0
0
0
0
0
0
0
0
0
0
0
0
0
0
1
2
2
3
1
1
5
3
2
6
7
1
8
0
8
6
8
8
11
14
16
16
20
16
15
28
29
30
30
39
33
33
33
29
35
34
46
36
42
49
44
51
36
48
53
52
52
53
54
41
49
36
50
47
42
43
52
40
39
38
47
46
36
41
43
51
47
80
47
51
45
50
52
47
72
51
68
33
48
51
43
50
45
45
45
50
41
41
52
49
47
46
50
41
51
33
49
47
54
66
49
54
49
59
50
55
44
48
43
43
41
50
39
37
38
35
34
47
38
29
47
41
46
44
58
46
40
44
60
47
63
56
51
59
54
44
51
53
57
63
52
53
30
47
44
47
46
42
40
47
37
39
58
49
40
45
41
44
36
45
51
51
58
54
51
57
58
70
55
67
75
76
66
65
77
78
58
65
54
54
61
51
49
55
52
71
47
55
70
52
57
45
48
63
52
51
46
37
48
46
39
41
59
44
53
56
38
53
45
49
42
53
54
49
51
50
48
56
47
47
50
41
61
50
45
40
42
42
43
42
33
43
32
48
45
45
45
45
48
44
51
63
49
42
72
48
55
43
50
51
53
43
44
46
48
47
53
41
53
60
49
37
53
64
69
65
59
57
49
72
61
63
50
60
60
53
54
69
62
57
54
56
55
56
57
52
69
45
72
74
62
57
61
56
77
54
70
54
72
58
61
66
68
66
71
71
79
55
61
62
81
72
81
77
62
68
83
81
73
71
76
77
88
73
84
84
92
106
104
99
77
89
83
88
90
104
101
98
99
104
100
98
96
120
95
96
81
94
115
93
89
104
98
101
128
95
117
105
125
120
125
112
114
132
116
139
126
139
116
145
140
136
124
141
136
157
143
150
156
139
159
143
131
136
177
183
186
167
176
150
190
178
187
187
189
184
183
185
217
207
219
212
214
235
227
241
211
224
263
231
258
243
250
252
269
250
266
242
245
262
274
283
301
293
299
299
285
337
357
334
317
374
356
344
389
360
369
365
438
385
436
407
409
442
445
444
499
498
507
505
458
545
559
560
544
614
602
600
619
692
657
702
697
677
754
806
790
811
874
894
930
971
963
1029
1088
1068
1155
1295
1337
1274
1339
1378
1441
1513
1547
1668
1758
1807
1933
1971
2032
2207
2293
2375
2526
2572
2790
2816
3055
3242
3457
3656
3781
3891
4136
4310
4594
4848
5302
5438
5994
6180
6559
6952
7289
7941
8185
8645
9233
9587
10283
10770
11507
11893
12419
13020
13616
14167
14551
15009
15389
15940
15926
16044
16137
15826
15770
15493
15003
14336
13813
12832
11843
11082
10198
8890
8365
7312
6307
5542
4999
4215
3707
3192
2854
2661
2456
2327
2253
2315
2302
2198
2459
2473
2669
2802
2865
3055
3237
3398
3583
3768
3968
4194
4287
4495
4503
4820
4734
4940
5197
5002
5030
4881
5006
4819
4682
4680
4390
4086
3814
3600
3321
3054
2689
2397
2067
1830
1614
1386
1108
928
772
623
474
320
279
203
175
117
110
57
49
32
31
21
9
14
5
7
4
4
0
0
1
1
0
0
1
3
0
2
2
0
0
1
0
1
2
0
0
1
0
1
1
0
1
0
1
1
0
0
2
1
2
2
0
1
0
2
0
3
2
0
0
2
1
1
0
0
1
0
0
0
0
0
0
0
0
1
1
0
1
0
0
1
0
1
1
0
0
0
0
1
0
0
0
0
0
1
0
0
0
0
0
0
0
0
1
0
0
0
0
0
2
1
0
0
1
1
0
0
0
1
0
0
0
0
0
0
0
0
1
0
0
0
0
0
0
1
0
0
0
0
0
0
0
0
0
0
0
1
0
0
0
0
0
0
0
0
0
0
1
1
0
0
0
0
0
0
0
0
0
0
0
0
0
0
0
0
0
1
0
0
0
1
0
0
0
0
2
0
1
0
0
0
0
1
0
1
0
1
0
0
0
0
0
1
0
0
3
0
0
0
0
1
0
0
0
0
0
0
0
0
0
0
1
2
1
0
0
1
1
0
0
0
0
2
1
1
1
1
1
0
1
0
0
1
0
0
0
0
1
0
1
0
2
3
0
3
0
1
1
2
1
1
3
0
0
3
3
3
2
1
0
1
2
2
0
0
1
2
2
0
4
5
2
2
1
2
1
3
1
1
2
2
2
2
2
1
3
2
3
2
6
2
2
0
2
2
5
2
4
1
9
0
3
6
4
1
2
6
4
3
2
3
6
3
1
2
2
9
4
2
4
4
2
2
6
3
6
8
2
5
4
2
5
3
3
4
4
5
6
2
2
2
3
3
1
5
3
6
5
1
3
1
3
5
5
3
4
7
3
3
3
2
5
7
4
2
4
5
2
2
6
2
2
5
7
5
0
0
