0
0
0
0
0
0
0
0
0
1
0
0
0
0
0
0
0
0
0
0
0
0
0
0
0
0
0
0
0
0
0
0
0
0
0
1
0
1
0
0
0
1
0
1
2
0
2
0
0
0
1
3
1
1
1
0
1
2
2
4
3
2
2
1
2
3
2
1
2
2
1
2
4
4
2
3
1
4
1
2
3
3
2
2
3
1
4
2
5
2
3
3
2
6
5
3
4
1
0
3
4
0
5
4
1
4
5
2
4
1
4
4
1
2
4
3
5
6
2
4
3
4
3
4
2
3
6
1
2
6
3
0
7
2
5
5
2
1
5
4
3
0
2
1
2
1
2
2
3
3
7
2
4
3
1
3
3
3
7
7
3
2
3
4
3
5
0
7
0
7
0
1
6
3
0
4
1
3
5
2
4
3
3
7
3
2
5
4
5
4
3
7
3
4
7
4
2
2
3
2
1
1
4
3
3
2
9
0
4
2
3
5
2
3
3
3
5
3
3
5
8
5
0
7
3
5
4
4
6
6
7
2
6
3
7
8
6
6
9
3
11
1
7
4
1
4
5
7
2
4
5
4
2
1
1
2
2
4
2
6
4
1
2
0
1
3
0
2
2
3
2
2
6
1
1
4
5
6
5
1
5
4
3
3
3
5
3
5
4
3
3
1
2
1
5
3
8
7
1
1
7
3
1
1
5
4
3
3
3
0
11
3
1
4
4
4
1
4
2
1
2
2
3
3
6
2
3
5
1
3
4
1
3
2
1
4
1
3
4
2
7
3
4
6
3
4
7
5
3
4
3
4
1
8
3
6
5
4
6
6
2
4
5
5
2
4
6
2
1
0
4
7
6
4
5
3
5
0
2
2
5
4
2
5
5
4
6
4
3
0
4
3
6
0
3
4
5
5
2
5
5
6
2
8
2
9
2
7
2
6
5
3
4
5
6
4
2
6
5
7
2
5
11
1
8
7
5
6
2
7
7
3
6
3
8
4
3
5
6
4
4
7
10
6
6
4
4
5
6
6
2
4
4
14
7
5
8
4
4
11
9
7
5
9
5
6
3
8
11
11
8
10
11
6
7
5
5
4
9
10
8
10
4
10
2
11
9
15
17
8
9
16
15
16
13
17
14
15
16
10
18
9
12
9
13
11
14
15
14
13
14
22
11
11
16
17
16
13
13
15
12
22
15
14
15
20
18
24
25
19
18
17
27
27
29
20
27
23
27
22
26
18
31
16
16
19
29
24
24
33
31
33
30
29
43
34
22
33
37
35
34
26
41
42
36
49
36
45
43
42
37
44
45
35
34
49
37
50
60
43
56
47
55
61
64
61
68
58
74
71
57
81
77
77
93
66
91
85
86
84
85
104
98
111
118
120
141
126
158
151
168
192
172
195
226
233
241
264
237
278
291
343
392
428
464
502
576
580
742
837
905
954
1082
1165
1297
1395
1489
1620
1630
1747
1809
1828
1830
1765
1806
1598
1574
1510
1357
1269
1209
1021
901
771
689
599
491
454
326
275
254
179
187
128
114
112
107
105
112
137
124
150
155
171
220
202
239
265
288
357
394
390
402
496
489
481
560
582
548
543
521
565
557
510
471
419
410
377
351
333
279
264
194
193
149
111
94
79
47
40
34
23
21
6
5
4
1
1
1
2
1
0
0
1
0
0
0
0
0
0
0
0
0
0
0
0
0
0
0
1
0
0
0
0
0
0
0
0
0
0
0
0
0
0
0
0
0
0
0
0
0
0
0
0
0
0
0
0
0
0
0
0
0
0
0
0
0
0
0
0
0
0
0
0
0
0
0
0
0
0
0
0
0
0
0
0
0
0
0
0
0
0
0
0
0
0
0
0
0
0
0
0
0
0
0
0
0
0
0
1
0
0
0
0
0
0
0
0
0
0
1
0
0
0
0
0
0
0
0
0
0
0
0
0
0
0
0
0
0
0
0
0
0
0
0
0
0
0
0
0
0
0
0
0
0
0
0
0
0
0
0
0
0
0
0
0
0
0
0
0
0
0
0
0
0
0
0
0
0
0
0
0
0
0
0
0
0
0
0
0
0
0
0
0
0
0
0
0
0
0
0
0
0
0
0
0
0
0
0
0
0
0
0
0
0
0
0
0
0
0
0
0
0
0
0
0
0
0
0
0
0
0
0
0
0
0
0
0
0
0
0
0
0
1
0
0
0
0
0
0
0
0
0
0
0
0
0
0
0
0
0
0
0
0
0
0
0
0
0
0
0
0
0
0
0
0
0
0
0
0
0
0
0
0
0
0
0
0
0
0
0
0
0
0
0
0
0
0
1
0
0
0
0
0
0
0
0
0
0
0
0
0
0
0
