8
7
6
3
2
7
6
7
2
5
9
5
6
8
12
3
9
4
7
6
8
5
6
6
10
10
7
9
3
12
4
10
5
9
7
6
14
207
785
764
709
649
665
643
689
686
647
662
624
658
621
611
654
633
626
595
596
640
605
613
609
628
595
610
593
613
636
609
652
605
581
621
585
578
607
617
593
616
593
661
643
603
621
643
568
589
686
594
601
630
618
624
602
659
635
633
620
612
636
636
635
607
654
581
597
562
608
605
602
593
573
623
607
614
599
615
587
641
633
600
648
635
626
634
617
689
599
668
666
636
639
687
698
640
667
677
731
723
712
772
726
716
743
742
696
764
709
769
765
782
795
788
736
793
756
795
800
751
724
737
720
725
835
709
762
680
781
690
729
719
719
666
668
683
620
672
630
663
712
703
592
684
690
643
630
628
631
624
627
625
621
607
618
610
587
615
548
611
617
624
584
603
564
561
637
580
601
635
561
602
609
557
572
625
589
595
568
577
584
567
536
575
569
561
554
581
475
545
551
557
546
561
527
523
551
562
530
577
527
569
566
509
537
485
535
492
547
525
519
476
506
507
496
514
521
501
539
502
517
526
507
458
540
506
473
524
466
464
490
529
509
566
491
470
472
516
488
468
481
477
498
516
488
474
536
474
484
483
527
476
506
522
480
486
524
482
491
505
489
456
496
482
469
511
469
454
495
488
506
491
494
509
449
478
467
512
497
458
506
453
464
496
472
507
469
502
500
490
501
503
498
447
488
493
485
462
494
491
513
438
479
491
483
492
474
472
495
488
467
498
467
503
479
483
488
505
471
467
478
475
499
456
478
496
451
454
469
470
485
469
467
494
465
453
485
444
464
472
446
456
468
466
431
474
474
464
489
479
497
453
475
480
503
457
466
448
506
499
454
475
503
502
466
462
468
484
487
528
460
490
482
458
490
487
496
455
470
496
522
451
438
463
486
507
509
462
497
451
487
468
480
487
486
509
451
501
474
514
415
459
527
463
469
481
494
491
497
505
496
475
472
450
467
475
549
489
479
474
478
503
495
541
515
498
501
434
475
515
499
507
552
477
469
502
485
505
475
485
487
473
510
506
530
496
477
525
484
487
507
494
512
504
512
511
504
512
480
522
521
503
471
542
490
486
518
530
512
533
510
513
503
527
585
532
561
514
503
545
561
527
527
521
483
490
514
524
565
556
543
517
522
549
538
527
580
484
548
551
618
547
554
568
570
524
566
551
498
506
552
558
542
584
529
550
538
530
513
543
607
563
555
565
590
561
543
578
578
541
591
571
566
546
528
558
565
586
547
602
589
590
574
602
541
550
558
576
536
572
630
607
551
635
589
598
555
569
598
575
573
545
594
519
580
594
598
583
532
592
599
565
575
570
556
551
557
530
582
598
584
589
543
587
536
601
588
581
580
520
577
551
527
485
497
514
507
533
524
477
516
498
489
494
509
481
451
496
452
448
495
431
460
460
454
441
484
413
383
392
426
437
410
422
406
401
383
386
373
417
368
410
382
385
407
394
384
415
380
442
361
384
385
378
387
396
388
391
389
378
403
389
382
403
370
421
418
363
375
405
392
395
380
381
409
373
408
394
412
379
445
407
394
374
433
400
392
396
410
424
429
417
426
426
446
436
436
437
468
437
476
427
460
460
429
467
473
515
484
521
514
484
547
524
552
564
597
566
594
587
590
609
619
657
659
657
667
674
709
709
758
786
753
794
760
740
764
825
841
848
814
882
866
809
855
846
839
892
871
863
905
883
883
855
882
866
896
794
848
812
826
851
792
802
740
705
679
642
699
657
597
609
592
598
597
551
505
516
512
486
446
405
446
374
424
372
361
378
346
337
363
328
337
288
299
253
272
241
276
266
270
246
249
271
263
266
270
304
286
297
293
286
334
308
299
309
323
314
355
385
340
362
408
378
363
446
458
425
473
440
445
491
483
514
536
532
501
538
541
587
587
577
548
524
566
625
619
596
610
576
628
587
626
581
565
621
554
608
582
614
591
555
532
559
574
516
505
516
476
460
479
484
473
435
399
391
451
353
420
348
292
340
304
292
282
296
262
261
213
256
207
199
203
160
181
184
136
135
122
115
111
102
112
109
98
84
84
86
81
75
68
56
57
59
56
51
51
56
54
48
46
41
48
44
36
33
36
44
32
27
42
32
23
32
41
25
30
28
27
30
31
31
48
35
26
37
29
26
33
31
33
30
25
38
27
25
27
28
27
19
23
32
24
28
26
37
24
39
25
24
30
17
19
34
26
29
26
21
26
23
40
26
31
30
30
32
32
29
32
44
29
28
27
23
3
4
