6
6
11
7
12
7
7
10
16
11
11
5
5
10
12
11
6
9
6
12
18
10
12
12
16
16
16
16
11
10
14
15
15
3
15
7
19
292
1100
1063
1018
1009
1018
1001
962
983
931
920
914
896
844
963
856
888
928
821
819
856
823
816
831
812
829
889
861
850
921
863
865
867
891
849
854
836
917
888
884
938
913
874
880
887
934
915
932
892
921
918
904
866
928
892
868
901
935
915
963
900
971
953
925
980
966
941
937
940
956
928
972
995
1014
1010
1033
1060
1008
1072
1039
1045
1083
1026
1096
1162
1138
1122
1145
1100
1097
1159
1182
1054
1204
1183
1188
1155
1169
1179
1254
1157
1233
1192
1219
1234
1225
1178
1275
1219
1116
1242
1184
1197
1182
1230
1223
1135
1161
1198
1162
1169
1056
1160
1194
1101
1106
1065
1050
1042
1017
1027
972
974
969
998
998
955
923
934
958
954
899
894
823
889
883
829
817
842
885
797
815
824
786
838
820
787
762
786
751
778
783
750
771
739
798
736
744
764
791
786
720
759
761
733
746
738
684
741
700
750
692
694
721
711
707
717
735
746
718
709
721
702
687
683
707
710
696
651
694
706
671
672
680
694
646
626
637
686
695
689
670
697
683
628
663
658
693
639
644
685
630
660
666
670
635
687
618
653
671
654
663
689
668
664
661
641
667
655
610
666
642
631
683
646
658
610
636
629
656
637
629
634
612
634
642
643
660
633
648
639
641
632
602
600
582
618
607
564
614
632
566
588
541
588
546
545
576
580
553
575
563
561
574
559
523
527
533
552
579
536
538
557
488
524
540
524
542
526
478
521
508
527
514
510
500
527
508
511
514
500
534
520
524
477
524
505
461
459
501
497
498
521
476
495
478
515
480
497
537
537
503
506
481
509
538
521
536
527
572
563
517
558
536
542
520
494
565
561
584
597
538
593
545
591
587
585
639
596
628
651
625
595
596
610
625
686
629
636
671
717
666
705
746
743
731
777
747
756
760
780
761
858
810
802
876
922
921
914
873
976
912
946
990
976
990
1006
1059
1066
1078
1079
992
1077
1048
1075
1121
1027
1071
1094
1024
1021
1009
1040
975
954
969
899
957
896
846
834
781
852
778
739
742
723
702
644
704
655
615
678
640
613
574
564
557
580
521
542
530
543
528
518
563
497
511
485
511
520
481
521
464
495
479
519
474
457
538
505
505
473
501
484
475
535
543
542
516
522
494
518
517
528
494
518
548
504
472
524
530
520
526
534
554
511
508
520
505
541
542
507
524
503
494
513
475
521
516
557
575
557
569
524
526
501
537
524
526
522
508
552
540
550
561
535
574
536
511
553
531
574
566
581
544
544
511
540
575
593
545
509
573
556
559
521
555
508
567
558
543
579
534
529
553
557
543
553
508
563
516
587
543
592
579
539
538
580
528
566
552
548
589
592
584
568
574
576
568
541
579
532
554
558
593
561
512
549
520
532
567
507
527
572
518
560
538
511
554
548
523
527
511
479
512
472
468
512
503
498
484
485
496
439
489
455
432
409
445
439
453
420
422
450
400
408
447
387
426
414
397
389
434
417
411
391
379
397
367
424
355
389
375
375
394
355
375
386
388
376
367
397
356
394
386
349
398
339
353
387
320
375
394
356
393
418
369
356
367
380
366
396
347
415
385
399
374
403
408
401
450
396
403
441
421
396
418
428
402
439
383
441
417
403
415
408
416
408
430
438
428
435
453
422
479
455
439
443
481
497
494
497
468
554
527
520
547
604
564
551
615
587
627
603
623
585
668
655
705
649
678
705
736
758
784
793
809
809
849
775
795
810
804
875
841
817
830
844
803
853
851
823
846
881
789
803
843
818
805
730
790
803
733
696
693
695
657
698
634
585
609
616
513
555
530
492
479
483
453
446
431
396
393
397
347
343
302
301
330
330
298
307
267
269
280
263
253
254
256
276
259
257
258
257
221
244
242
265
282
288
280
280
253
295
278
336
317
331
375
370
377
357
368
415
396
403
395
425
455
484
486
468
490
502
543
464
519
532
533
556
551
583
575
586
580
566
605
586
540
586
594
573
596
575
597
527
566
601
557
554
528
548
507
540
463
530
482
477
466
428
438
417
431
409
418
374
374
340
332
337
303
318
258
287
272
219
234
200
229
216
200
163
171
154
147
130
120
117
130
101
106
104
93
83
82
81
70
71
89
57
53
55
42
55
45
56
39
41
58
43
44
44
42
37
37
32
29
33
42
29
32
34
31
33
32
26
30
26
30
30
18
22
25
31
24
25
29
36
27
25
26
28
20
23
30
24
20
29
27
30
28
34
32
21
32
19
21
37
19
22
23
26
25
27
20
26
33
26
32
27
38
29
17
25
31
23
29
31
22
23
27
29
36
29
8
9
