0
0
0
2
0
0
3
1
1
2
1
0
1
0
0
1
2
1
1
2
1
1
0
1
0
1
1
0
1
1
2
3
1
0
0
5
2
159
481
543
527
507
491
513
457
483
491
441
428
409
413
408
423
414
389
421
385
362
377
355
385
357
372
352
360
382
366
391
351
388
366
365
367
395
409
384
405
390
391
425
421
425
444
443
394
414
411
439
436
389
431
447
431
412
390
412
465
417
457
454
452
453
439
476
473
491
464
433
482
486
456
507
500
520
522
566
552
604
603
575
643
645
632
646
660
609
695
651
673
626
613
636
626
618
622
608
600
614
587
624
589
571
571
553
596
573
603
530
547
537
586
574
518
520
518
541
546
536
547
512
497
487
487
456
439
436
420
406
387
330
386
417
353
345
328
343
322
281
287
324
305
265
278
263
260
230
280
284
253
241
222
243
232
218
243
264
224
220
222
201
241
242
234
206
228
205
209
213
188
212
217
194
210
191
214
200
226
211
192
203
226
209
222
234
199
192
193
197
192
219
196
194
191
221
224
189
235
197
188
216
212
189
213
190
200
186
180
195
216
224
211
202
183
212
203
181
196
201
188
204
209
201
192
201
209
196
199
226
200
187
187
209
214
192
212
205
180
208
201
167
189
200
176
193
192
215
186
211
174
215
184
191
167
204
189
161
169
196
163
167
158
200
159
151
169
181
157
132
146
132
133
142
153
123
107
133
102
111
109
111
82
79
91
94
75
71
94
59
83
76
73
66
63
52
47
71
52
40
54
61
58
42
37
37
40
47
37
39
39
53
38
36
36
41
52
28
38
37
34
43
46
34
35
48
52
53
54
60
63
58
56
70
66
67
67
80
85
94
102
81
98
92
104
105
133
129
117
141
124
159
173
188
187
141
205
208
206
195
197
204
208
236
247
240
281
278
257
332
329
319
334
336
377
399
401
415
456
485
445
508
492
564
552
558
605
615
631
654
620
654
661
674
717
637
709
716
747
728
685
674
714
691
643
657
647
658
599
514
586
521
483
505
472
422
444
382
378
363
299
305
304
249
240
217
213
156
147
146
140
101
102
95
79
75
66
59
39
51
33
35
32
23
15
19
20
7
12
7
13
9
6
11
7
5
6
7
4
7
0
4
3
7
6
4
4
1
6
4
4
2
2
1
2
4
1
7
1
5
3
3
4
3
4
3
3
3
2
4
2
4
4
4
3
4
0
4
3
3
6
1
0
2
7
3
5
6
2
1
1
1
7
4
3
3
5
3
7
4
3
3
1
1
3
3
1
1
4
4
3
5
4
3
4
2
3
3
4
3
5
4
3
2
0
2
3
1
4
3
2
0
3
5
3
5
6
1
0
1
1
1
1
4
3
3
5
5
5
5
0
3
5
1
2
2
2
2
0
2
3
3
6
0
3
3
2
5
4
2
5
3
4
3
1
1
2
4
1
3
4
1
5
2
2
3
1
4
1
5
2
7
2
2
2
3
3
1
2
2
2
1
5
5
1
1
1
3
3
0
1
6
1
6
4
1
2
1
2
1
0
2
1
0
2
0
1
4
1
1
4
5
3
8
1
3
3
1
1
2
4
1
3
2
2
4
0
2
1
3
4
1
1
1
5
0
3
2
4
4
5
2
2
1
2
3
4
1
2
0
3
5
1
3
4
1
2
3
4
4
0
3
1
1
4
1
2
1
1
2
0
1
5
3
2
4
1
0
2
0
0
2
0
1
3
1
2
2
2
1
1
2
2
4
0
1
1
3
1
2
1
2
1
1
1
0
1
1
0
1
1
1
1
2
1
0
1
4
0
1
2
2
1
1
2
3
1
2
1
2
1
0
2
0
2
3
0
2
1
1
1
2
2
1
0
0
2
2
2
3
3
1
2
0
1
1
1
4
2
0
1
1
1
2
2
1
2
3
2
4
3
0
1
1
2
0
3
0
3
4
1
1
1
1
0
1
1
3
1
0
1
2
2
1
1
0
1
2
2
2
3
4
2
2
4
2
3
1
1
1
2
0
2
1
2
2
4
1
1
1
2
0
0
3
0
1
2
1
1
3
1
2
3
0
0
3
1
0
0
1
0
4
1
7
1
3
3
2
4
4
1
5
4
1
3
1
4
3
1
1
2
0
0
3
0
2
1
0
3
2
1
0
0
1
2
3
0
1
1
6
1
0
4
2
1
1
0
2
1
3
3
2
1
1
1
0
1
0
1
0
1
0
1
1
2
2
1
0
0
0
0
0
1
0
0
2
2
0
0
1
1
3
0
0
0
1
0
1
1
1
0
2
0
3
1
0
0
0
1
1
1
1
1
1
0
1
0
0
0
2
0
0
3
1
1
2
1
0
1
0
0
1
2
1
1
2
1
1
0
1
0
1
1
0
1
1
2
3
1
0
0
5
2
159
481
543
527
507
491
513
457
483
491
441
428
409
413
408
423
414
389
421
385
362
377
355
385
357
372
352
360
382
366
391
351
388
366
365
367
395
409
384
405
390
391
425
421
425
444
443
394
414
411
439
436
389
431
447
431
412
390
412
465
417
457
454
452
453
439
476
473
491
464
433
482
486
456
507
500
520
522
566
552
604
603
575
643
645
632
646
660
609
695
651
673
626
613
636
626
618
622
608
600
614
587
624
589
571
571
553
596
573
603
530
547
537
586
574
518
520
518
541
546
536
547
512
497
487
487
456
439
436
420
406
387
330
386
417
353
345
328
343
322
281
287
324
305
265
278
263
260
230
280
284
253
241
222
243
232
218
243
264
224
220
222
201
241
242
234
206
228
205
209
213
188
212
217
194
210
191
214
200
226
211
192
203
226
209
222
234
199
192
193
197
192
219
196
194
191
221
224
189
235
197
188
216
212
189
213
190
200
186
180
195
216
224
211
202
183
212
203
181
196
201
188
204
209
201
192
201
209
196
199
226
200
187
187
209
214
192
212
205
180
208
201
167
189
200
176
193
192
215
186
211
174
215
184
191
167
204
189
161
169
196
163
167
158
200
159
151
169
181
157
132
146
132
133
142
153
123
107
133
102
111
109
111
82
79
91
94
75
71
94
59
83
76
73
66
63
52
47
71
52
40
54
61
58
42
37
37
40
47
37
39
39
53
38
36
36
41
52
28
38
37
34
43
46
34
35
48
52
53
54
60
63
58
56
70
66
67
67
80
85
94
102
81
98
92
104
105
133
129
117
141
124
159
173
188
187
141
205
208
206
195
197
204
208
236
247
240
281
278
257
332
329
319
334
336
377
399
401
415
456
485
445
508
492
564
552
558
605
615
631
654
620
654
661
674
717
637
709
716
747
728
685
674
714
691
643
657
647
658
599
514
586
521
483
505
472
422
444
382
378
363
299
305
304
249
240
217
213
156
147
146
140
101
102
95
79
75
66
59
39
51
33
35
32
23
15
19
20
7
12
7
13
9
6
11
7
5
6
7
4
7
0
4
3
7
6
4
4
1
6
4
4
2
2
1
2
4
1
7
1
5
3
3
4
3
4
3
3
3
2
4
2
4
4
4
3
4
0
4
3
3
6
1
0
2
7
3
5
6
2
1
1
1
7
4
3
3
5
3
7
4
3
3
1
1
3
3
1
1
4
4
3
5
4
3
4
2
3
3
4
3
5
4
3
2
0
2
3
1
4
3
2
0
3
5
3
5
6
1
0
1
1
1
1
4
3
3
5
5
5
5
0
3
5
1
2
2
2
2
0
2
3
3
6
0
3
3
2
5
4
2
5
3
4
3
1
1
2
4
1
3
4
1
5
2
2
3
1
4
1
5
2
7
2
2
2
3
3
1
2
2
2
1
5
5
1
1
1
3
3
0
1
6
1
6
4
1
2
1
2
1
0
2
1
0
2
0
1
4
1
1
4
5
3
8
1
3
3
1
1
2
4
1
3
2
2
4
0
2
1
3
4
1
1
1
5
0
3
2
4
4
5
2
2
1
2
3
4
1
2
0
3
5
1
3
4
1
2
3
4
4
0
3
1
1
4
1
2
1
1
2
0
1
5
3
2
4
1
0
2
0
0
2
0
1
3
1
2
2
2
1
1
2
2
4
0
1
1
3
1
2
1
2
1
1
1
0
1
1
0
1
1
1
1
2
1
0
1
4
0
1
2
2
1
1
2
3
1
2
1
2
1
0
2
0
2
3
0
2
1
1
1
2
2
1
0
0
2
2
2
3
3
1
2
0
1
1
1
4
2
0
1
1
1
2
2
1
2
3
2
4
3
0
1
1
2
0
3
0
3
4
1
1
1
1
0
1
1
3
1
0
1
2
2
1
1
0
1
2
2
2
3
4
2
2
4
2
3
1
1
1
2
0
2
1
2
2
4
1
1
1
2
0
0
3
0
1
2
1
1
3
1
2
3
0
0
3
1
0
0
1
0
4
1
7
1
3
3
2
4
4
1
5
4
1
3
1
4
3
1
1
2
0
0
3
0
2
1
0
3
2
1
0
0
1
2
3
0
1
1
6
1
0
4
2
1
1
0
2
1
3
3
2
1
1
1
0
1
0
1
0
1
0
1
1
2
2
1
0
0
0
0
0
1
0
0
2
2
0
0
1
1
3
0
0
0
1
0
1
1
1
0
2
0
3
1
0
0
0
1
1
1
1
1
1
0
1
